akun    grp       awalMei_rpt   akhirApr_SINV    akhirMei_rpt       ledgerMeiaw-akhApr|ak-led
102-001 TR      7,528,916,451   7,528,916,451  11,102,800,435   9,156,992,735        0/1,945,807,700
102-003 NR         55,094,965      55,094,965     235,994,965      55,094,965        0/180,900,000
102-006 TB      1,729,884,420   1,729,884,420   1,729,884,420   1,729,884,420        0/      1
102-010 TYU       248,216,000     248,216,000     253,965,000     253,965,000        0/      0
102-101 TS      7,137,597,205   7,137,597,205   7,291,413,320   7,291,411,178        0/  2,142
102-102 TL        165,300,804     165,300,804     171,294,768     171,409,599        0/-114,831
102-103 NDS       136,458,390     136,458,390     150,838,676     150,838,676        0/      0
102-110 L+LA    3,228,250,210   3,228,250,210   3,318,643,057   3,288,395,205        0/30,247,852
102-113 TY         96,065,712      96,065,712      96,065,712      96,065,712        0/      0
102-201 MAT        98,973,278      98,973,278     100,606,932     124,569,564        0/-23,962,632
102-254 VL                  0               0               0               1        0/     -1
