BUKTI_ID|VENDOR|CURR|RATE|SALDO_KURS|IDR_RATE|IDR_SALDO|GL_K|GL_D|GL_NET|DIFF_vs_RATE|DIFF_vs_SALDO
101BTB251100051|4SL.D014|CNY|2353.450000|2092741.000000|4925161306.450000|5004664537.040000|4925161306.450000|0.000000|4925161306.450000|0.000000|-79503230.590000
101BTB251200035|4SL.D014|CNY|2373.540000|334984.600000|795099347.484000|801095571.824000|795099347.484000|0.000000|795099347.484000|0.000000|-5996224.340000
101BTB150700068|4SL.M020|IDR|1.000000|29700000.000000|29700000.000000|29700000.000000|29700000.000000|0.000000|29700000.000000|0.000000|0.000000
101BTB160800046|000.T003|IDR|1.000000|5000000.000000|5000000.000000|5000000.000000|5000000.000000|0.000000|5000000.000000|0.000000|0.000000
101BTB230900023|4SL.M020|IDR|1.000000|0.500000|0.500000|0.500000|85081000.500000|85081000.500000|0.000000|-0.500000|-0.500000
101BTB241100030|4SL.A020|IDR|1.000000|6.900000|6.900000|6.900000|5754006.900000|5754000.000000|6.900000|0.000000|0.000000
101BTB250200019|4SL.M032|IDR|1.000000|0.320000|0.320000|0.320000|9000000.324000|9000000.000000|0.324000|0.004000|0.004000
101BTB250800001|4SL.G018|IDR|1.000000|0.260000|0.260000|0.260000|17500000.260000|17500000.000000|0.260000|0.000000|0.000000
101BTB251000038|4SL.P011|IDR|1.000000|0.260000|0.260000|0.260000|17500000.260000|17500000.000000|0.260000|0.000000|0.000000
101BTB251000043|4SL.M032|IDR|1.000000|48.890000|48.890000|48.890000|11100000.888000|11099952.000000|48.888000|-0.002000|-0.002000
101BTB251100002|4SL.A039|IDR|1.000000|1398500.000000|1398500.000000|1398500.000000|4195500.000000|2797000.000000|1398500.000000|0.000000|0.000000
101BTB251100039|4SL.A020|IDR|1.000000|6.600000|6.600000|6.600000|1725006.600000|1725000.000000|6.600000|0.000000|0.000000
101BTB251100056|4SL.S065|IDR|1.000000|42957000.000000|42957000.000000|42957000.000000|42957000.000000|0.000000|42957000.000000|0.000000|0.000000
101BTB251200006|4SL.T025|IDR|1.000000|2880000.000000|2880000.000000|2880000.000000|2880000.000000|0.000000|2880000.000000|0.000000|0.000000
101BTB251200007|4SL.A031|IDR|1.000000|9546000.000000|9546000.000000|9546000.000000|9546000.000000|0.000000|9546000.000000|0.000000|0.000000
101BTB251200008|4SL.A031|IDR|1.000000|9102000.000000|9102000.000000|9102000.000000|9102000.000000|0.000000|9102000.000000|0.000000|0.000000
101BTB251200016|4SL.M008|IDR|1.000000|1792500.000000|1792500.000000|1792500.000000|1792500.000000|0.000000|1792500.000000|0.000000|0.000000
101BTB251200017|4SL.A039|IDR|1.000000|1898000.000000|1898000.000000|1898000.000000|1898000.000000|0.000000|1898000.000000|0.000000|0.000000
101BTB251200018|4SL.A039|IDR|1.000000|3560000.000000|3560000.000000|3560000.000000|3560000.000000|0.000000|3560000.000000|0.000000|0.000000
101BTB251200019|4SL.M008|IDR|1.000000|4139500.000000|4139500.000000|4139500.000000|4139500.000000|0.000000|4139500.000000|0.000000|0.000000
101BTB251200023|4SL.M008|IDR|1.000000|16290000.000000|16290000.000000|16290000.000000|16290000.000000|0.000000|16290000.000000|0.000000|0.000000
101BTB251200024|4SL.T017|IDR|1.000000|5660000.000000|5660000.000000|5660000.000000|5660000.000000|0.000000|5660000.000000|0.000000|0.000000
101BTB251200025|4SL.A039|IDR|1.000000|210000.000000|210000.000000|210000.000000|210000.000000|0.000000|210000.000000|0.000000|0.000000
101BTB251200026|4SL.A039|IDR|1.000000|857500.000000|857500.000000|857500.000000|857500.000000|0.000000|857500.000000|0.000000|0.000000
101BTB251200028|4SL.T017|IDR|1.000000|5200000.000000|5200000.000000|5200000.000000|5200000.000000|0.000000|5200000.000000|0.000000|0.000000
101BTB251200029|4SL.M008|IDR|1.000000|5950000.000000|5950000.000000|5950000.000000|5950000.000000|0.000000|5950000.000000|0.000000|0.000000
101BTB251200033|4SL.P011|IDR|1.000000|26550000.090000|26550000.090000|26550000.090000|26550000.090000|0.000000|26550000.090000|0.000000|0.000000
101BTB251200036|4SL.B038|IDR|1.000000|2695500.000000|2695500.000000|2695500.000000|2695500.000000|0.000000|2695500.000000|0.000000|0.000000
101BTB251200037|4SL.S065|IDR|1.000000|53280000.000000|53280000.000000|53280000.000000|53280000.000000|0.000000|53280000.000000|0.000000|0.000000
101BTB251200038|4SL.S065|IDR|1.000000|53280000.000000|53280000.000000|53280000.000000|53280000.000000|0.000000|53280000.000000|0.000000|0.000000
101BTB251200039|4SL.M008|IDR|1.000000|5625000.000000|5625000.000000|5625000.000000|5625000.000000|0.000000|5625000.000000|0.000000|0.000000
101BTB251200040|4SL.N012|IDR|1.000000|14500000.000000|14500000.000000|14500000.000000|14500000.000000|0.000000|14500000.000000|0.000000|0.000000
101BTB261200002|4SL.M032|IDR|1.000000|11100000.890000|11100000.890000|11100000.890000|11100000.888000|0.000000|11100000.888000|-0.002000|-0.002000
101BTB250300036|4SL.D014|USD|16406.000000|26721.000000|438384726.000000|446908992.210000|876769452.000000|438384726.000000|438384726.000000|0.000000|-8524266.210000
101BTB250300037|4SL.0301|USD|16400.000000|293.000000|4805200.000000|4900427.930000|1673128000.000000|1668322800.000000|4805200.000000|0.000000|-95227.930000
101BTB251200030|4SL.0309|USD|16675.000000|33855.370000|564538294.750000|566231401.803700|564538294.750000|0.000000|564538294.750000|0.000000|-1693107.053700
101BTB251200031|4SL.0301|USD|16704.000000|199062.000000|3325131648.000000|3329313940.620000|3694590720.000000|369459072.000000|3325131648.000000|0.000000|-4182292.620000
101BTB251200032|4SL.0301|USD|16671.000000|223948.800000|3733450444.800000|3745545919.488000|4148278272.000000|414827827.200000|3733450444.800000|0.000000|-12095474.688000
--- TOTAL ---
||||||14099742532.194000|14211832355.625700|17141193909.394000|3041451377.700000|14099742531.694000|-0.500000|-112089823.931700

SUM(SALDO_KURS*RATE) = 14099742532.194000
SUM(SALDO)           = 14211832355.625700
SUM(GL_NET)          = 14099742531.694000
Target GL SA         = 14159923466.61
Selisih GL_NET vs target = -60180934.916000
